./samples/PETs1/,['P', 'coneR1'],['0.5', '0.001']
Processing...
opt: [0.329, 0.31, 0.278, 0.382, 0.28, 0.311, 0.324, 0.315, 0.297, 0.329, 0.304, 0.334]
prev_opt: [0.329, 0.31, 0.278, 0.382, 0.28, 0.311, 0.324, 0.315, 0.297, 0.329, 0.304, 0.334]
prev_prev_opt: [0.329, 0.31, 0.278, 0.382, 0.28, 0.311, 0.324, 0.315, 0.297, 0.329, 0.304, 0.334]
dd: [145.7062, 136.8637, 133.8286, 132.2567, 156.17860000000002, 152.83069999999998, 136.12130000000002, 140.21620000000001, 144.28, 147.5124, 146.8939, 169.5953]

./samples/PETs2/,['P', 'coneR1'],['0.5', '0.001']
Processing...
opt: [0.5, 0.5, 0.499, 0.448, 0.442, 0.47100000000000003, 0.391, 0.356, 0.498, 0.5, 0.454]
prev_opt: [0.5, 0.5, 0.499, 0.448, 0.442, 0.47100000000000003, 0.391, 0.356, 0.498, 0.5, 0.454]
prev_prev_opt: [0.5, 0.5, 0.499, 0.448, 0.442, 0.47100000000000003, 0.391, 0.356, 0.498, 0.5, 0.454]
dd: [149.45420000000001, 122.0107, 122.35300000000001, 175.1456, 176.3712, 174.90359999999998, 175.9557, 167.3962, 180.053, 94.2428, 151.1571]

./samples/aton_highway1/,['P', 'coneR1'],['0.5', '0.001']
Processing...
opt: [0.233, 0.311, 0.214, 0.265, 0.258, 0.275, 0.249, 0.24]
prev_opt: [0.233, 0.311, 0.214, 0.265, 0.258, 0.275, 0.249, 0.24]
prev_prev_opt: [0.233, 0.311, 0.214, 0.265, 0.258, 0.275, 0.249, 0.24]
dd: [149.5325, 132.97820000000002, 136.2662, 154.078, 136.5828, 138.9517, 133.6549, 137.4295]
Init val of coneR1: 0.3

./samples/aton_lab/,['P', 'coneR1'],['0.95', '0.001']
Processing...
opt: [0.84, 0.908, 0.667, 0.626, 0.892, 0.76, 0.724, 0.6950000000000001, 0.656, 0.611, 0.746, 0.755, 0.656, 0.664]
prev_opt: [0.84, 0.908, 0.667, 0.626, 0.892, 0.76, 0.724, 0.6950000000000001, 0.656, 0.611, 0.746, 0.755, 0.656, 0.664]
prev_prev_opt: [0.84, 0.908, 0.667, 0.626, 0.892, 0.76, 0.724, 0.6950000000000001, 0.656, 0.611, 0.746, 0.755, 0.656, 0.664]
dd: [165.5836, 179.1052, 190.20850000000002, 183.6737, 173.973, 176.423, 186.2076, 190.5301, 184.6936, 167.375, 186.80700000000002, 172.8537, 171.8283, 176.30489999999998]

./samples/aton_campus/,['P', 'coneR1'],['0.8', '0.001']
Processing...
opt: [0.636, 0.662, 0.683, 0.642, 0.685, 0.649, 0.467, 0.772, 0.542, 0.754, 0.724, 0.766, 0, 0, 0, 0, 0, 0, 0, 0, 0, 0, 0, 0.797, 0.8, 0.798, 0.791, 0.8, 0.799, 0.789, 0.748, 0.777, 0.743, 0.779, 0.793, 0.753, 0.6920000000000001, 0.769, 0.759, 0, 0, 0, 0, 0.711, 0.789, 0.748, 0.798, 0.799, 0.784, 0.79, 0.8, 0.8, 0.8]
prev_opt: [0.636, 0.662, 0.683, 0.642, 0.685, 0.649, 0.467, 0.772, 0.542, 0.754, 0.724, 0.766, 0, 0, 0, 0, 0, 0, 0, 0, 0, 0, 0, 0.797, 0.8, 0.798, 0.791, 0.8, 0.799, 0.789, 0.748, 0.777, 0.743, 0.779, 0.793, 0.753, 0.6920000000000001, 0.769, 0.759, 0, 0, 0, 0, 0.711, 0.789, 0.748, 0.798, 0.799, 0.784, 0.79, 0.8, 0.8, 0.8]
prev_prev_opt: [0.636, 0.662, 0.683, 0.642, 0.685, 0.649, 0.467, 0.772, 0.542, 0.754, 0.724, 0.766, 0, 0, 0, 0, 0, 0, 0, 0, 0, 0, 0, 0.797, 0.8, 0.798, 0.791, 0.8, 0.799, 0.789, 0.748, 0.777, 0.743, 0.779, 0.793, 0.753, 0.6920000000000001, 0.769, 0.759, 0, 0, 0, 0, 0.711, 0.789, 0.748, 0.798, 0.799, 0.784, 0.79, 0.8, 0.8, 0.8]
dd: [182.4057, 164.3851, 170.2464, 155.3043, 144.63060000000002, 148.1662, 150.92610000000002, 170.74419999999998, 147.5917, 146.8905, 174.0258, 162.6918, 0, 0, 0, 0, 0, 0, 0, 0, 0, 0, 0, 186.26229999999998, 184.37810000000002, 182.21179999999998, 185.2758, 185.1362, 183.7061, 178.59019999999998, 180.267, 179.2028, 182.6599, 178.0966, 187.2875, 182.6086, 180.0838, 181.5736, 180.0365, 0, 0, 0, 0, 169.0683, 174.38049999999998, 176.5479, 172.0982, 166.92770000000002, 171.4694, 168.65609999999998, 171.65550000000002, 175.1209, 168.7113]
Init val of coneR1: 0.3

./samples/aton_hallway/,['P', 'coneR1'],['0.8', '0.001']
Processing...
opt: [0, 0.712, 0, 0, 0, 0.8, 0, 0.7020000000000001, 0.769, 0, 0.707, 0.743, 0.731]
prev_opt: [0, 0.712, 0, 0, 0, 0.8, 0, 0.7020000000000001, 0.769, 0, 0.707, 0.743, 0.731]
prev_prev_opt: [0, 0.712, 0, 0, 0, 0.8, 0, 0.7020000000000001, 0.769, 0, 0.707, 0.743, 0.731]
dd: [0, 190.1057, 0, 0, 0, 171.96749999999997, 0, 180.3775, 190.4792, 0, 172.152, 192.4488, 191.5634]
