Init val of weightSmootTerm: 4.0


./samples/PETs1/,['P', 'weightSmootTerm'],['20', '1']
Processing...
opt: [10.0, 9.0, 10.0, 10.0, 2.0, 6.0, 6.0, 8.0, 1.0, 0.0, 7.0, 2.0]
dd: [161.45409999999998, 145.8569, 147.45190000000002, 148.0101, 156.401, 154.72570000000002, 136.2031, 149.46620000000001, 146.6518, 154.8245, 148.3807, 172.0263]
det: [95.865, 73.1442, 88.8889, 96.3934, 73.5878, 86.7658, 75.7535, 88.2296, 59.3819, 73.7624, 94.8661, 86.8637]
dis: [65.5891, 72.7127, 58.563, 51.6167, 82.8132, 67.9599, 60.4496, 61.2366, 87.2699, 81.0621, 53.5146, 85.1626]
Init val of weightSmootTerm: 4.0


./samples/PETs2/,['P', 'weightSmootTerm'],['20', '1']
Processing...
opt: [5.0, 7.0, 9.0, 2.0, 2.0, 1.0, 2.0, 1.0, 1.0, 0.0, 6.0]
dd: [147.2957, 127.3149, 134.7318, 171.4084, 175.3207, 180.56310000000002, 176.756, 175.4275, 171.3736, 96.6499, 146.5166]
det: [72.5516, 47.4609, 60.2767, 93.8053, 97.9248, 95.6316, 96.5116, 89.5231, 92.1053, 11.6564, 83.0528]
dis: [74.7441, 79.854, 74.4551, 77.6031, 77.3959, 84.9315, 80.2444, 85.9044, 79.2683, 84.9935, 63.4638]
Init val of weightSmootTerm: 4.0


./samples/aton_campus/,['P', 'weightSmootTerm'],['20', '1']
Processing...
opt: [0.0, 1.0, 1.0, 1.0, 2.0, 2.0, 2.0, 2.0, 2.0, 3.0, 4.0, 9.0, 0, 0, 0, 0, 0, 0, 0, 0, 0, 0, 0, 1.0, 1.0, 1.0, 1.0, 1.0, 0.0, 1.0, 2.0, 1.0, 1.0, 1.0, 1.0, 1.0, 1.0, 2.0, 2.0, 0, 0, 0, 0, 1.0, 1.0, 2.0, 2.0, 0.0, 1.0, 2.0, 1.0, 1.0, 1.0]
dd: [125.3483, 124.5359, 136.4558, 134.19219999999999, 128.97539999999998, 137.7073, 145.4678, 157.3427, 137.7825, 129.5745, 142.9906, 118.84649999999999, 0, 0, 0, 0, 0, 0, 0, 0, 0, 0, 0, 159.7704, 163.02159999999998, 165.6121, 162.6969, 160.0389, 162.62740000000002, 141.4084, 125.1457, 122.1997, 124.4623, 116.6878, 134.7014, 124.00280000000001, 126.0607, 124.69300000000001, 124.4432, 0, 0, 0, 0, 116.42620000000001, 118.6736, 129.90120000000002, 125.36659999999999, 142.738, 126.5437, 135.1088, 142.3037, 138.3108, 133.5068]
det: [80.072, 98.6761, 97.0531, 96.0337, 95.913, 97.1237, 98.2079, 96.3168, 95.8378, 96.8276, 90.6977, 88.1356, 0, 0, 0, 0, 0, 0, 0, 0, 0, 0, 0, 87.2549, 97.151, 95.4918, 94.1799, 90.0, 89.3983, 99.4253, 97.1366, 94.4075, 93.3604, 89.8138, 95.1977, 81.703, 85.4249, 89.8169, 86.4843, 0, 0, 0, 0, 96.9231, 97.1154, 97.2973, 98.2456, 89.2086, 86.0759, 93.75, 93.75, 86.7742, 93.1398]
dis: [45.2763, 25.8598, 39.4027, 38.1585, 33.0624, 40.5836, 47.2599, 61.0259, 41.9447, 32.7469, 52.2929, 30.7109, 0, 0, 0, 0, 0, 0, 0, 0, 0, 0, 0, 72.5155, 65.8706, 70.1203, 68.517, 70.0389, 73.2291, 41.9831, 28.0091, 27.7922, 31.1019, 26.874, 39.5037, 42.2998, 40.6358, 34.8761, 37.9589, 0, 0, 0, 0, 19.5031, 21.5582, 32.6039, 27.121, 53.5294, 40.4678, 41.3588, 48.5537, 51.5366, 40.367]
Init val of weightSmootTerm: 4.0


./samples/aton_hallway/,['P', 'weightSmootTerm'],['20', '1']
Processing...
opt: [0, 1.0, 0, 0, 0, 1.0, 0, 1.0, 1.0, 0, 1.0, 1.0, 1.0]
dd: [0, 171.5376, 0, 0, 0, 165.992, 0, 161.2541, 182.0319, 0, 150.8962, 183.4171, 183.9727]
det: [0, 99.0166, 0, 0, 0, 81.9095, 0, 98.9218, 99.2466, 0, 98.3553, 98.0116, 99.4163]
dis: [0, 72.521, 0, 0, 0, 84.0825, 0, 62.3323, 82.7853, 0, 52.5409, 85.4055, 84.5564]
Init val of weightSmootTerm: 4.0


./samples/aton_highway1/,['P', 'weightSmootTerm'],['20', '1']
Processing...
opt: [1.0, 9.0, 1.0, 7.0, 1.0, 1.0, 6.0, 6.0]
dd: [144.9447, 140.9997, 132.3874, 153.8997, 134.30939999999998, 138.4531, 133.8921, 133.3851]
det: [64.9219, 85.076, 58.2227, 88.6813, 57.0227, 60.2856, 74.0741, 70.3082]
dis: [80.0228, 55.9237, 74.1647, 65.2184, 77.2867, 78.1675, 59.818, 63.0769]
Init val of weightSmootTerm: 4.0


./samples/aton_highway3/,['P', 'weightSmootTerm'],['20', '1']
Processing...
opt: [0, 0, 0, 0, 0, 0, 0]
dd: [0, 0, 0, 0, 0, 0, 0]
det: [0, 0, 0, 0, 0, 0, 0]
dis: [0, 0, 0, 0, 0, 0, 0]
Init val of weightSmootTerm: 4.0


./samples/aton_lab/,['P', 'weightSmootTerm'],['20', '1']
Processing...
opt: [1.0, 1.0, 2.0, 2.0, 1.0, 1.0, 2.0, 2.0, 2.0, 4.0, 1.0, 1.0, 2.0, 4.0]
dd: [159.2318, 148.2012, 181.4774, 174.558, 161.5929, 163.9977, 177.40980000000002, 178.416, 175.39, 161.9578, 176.7559, 166.3429, 161.27, 165.8795]
det: [95.0291, 93.6185, 93.2634, 90.6228, 83.0735, 91.8177, 92.6508, 94.7646, 85.9085, 78.898, 94.2687, 93.6496, 93.7951, 82.1207]
dis: [64.2027, 54.5827, 88.214, 83.9352, 78.5194, 72.18, 84.759, 83.6514, 89.4815, 83.0598, 82.4872, 72.6933, 67.4749, 83.7588]
Init val of weightSmootTerm: 4.0


./samples/aton_room/,['P', 'weightSmootTerm'],['20', '1']
Processing...
opt: [0, 0, 0, 0, 0, 0, 0, 0, 0, 0, 0, 0, 0, 0, 0, 0, 0, 0, 0, 0, 0, 0]
dd: [0, 0, 0, 0, 0, 0, 0, 0, 0, 0, 0, 0, 0, 0, 0, 0, 0, 0, 0, 0, 0, 0]
det: [0, 0, 0, 0, 0, 0, 0, 0, 0, 0, 0, 0, 0, 0, 0, 0, 0, 0, 0, 0, 0, 0]
dis: [0, 0, 0, 0, 0, 0, 0, 0, 0, 0, 0, 0, 0, 0, 0, 0, 0, 0, 0, 0, 0, 0]
