./samples/PETs1/,['P', 'coneAngle'],['0.3', '0.0005']
Processing...
opt: [0.146, 0.28600000000000003, 0.1085, 0.0585, 0.2085, 0.1495, 0.2985, 0.1115, 0.2145, 0.1925, 0.0855, 0.1855]
dd: [145.6584, 137.5566, 140.0724, 150.8938, 157.304, 152.88619999999997, 137.5012, 140.5823, 167.8977, 155.47070000000002, 150.4909, 174.3846]
det: [68.8608, 60.2293, 64.4737, 64.918, 85.8015, 78.2528, 76.7017, 65.7101, 92.936, 92.2442, 86.8304, 98.0296]
dis: [76.7976, 77.3273, 75.5987, 85.9758, 71.5025, 74.6334, 60.7995, 74.8722, 74.9617, 63.2265, 63.6605, 76.355]
Init val of coneAngle: 0.15707963267

./samples/PETs2/,['P', 'coneAngle'],['0.3', '0.0005']
Processing...
opt: [0.07150000000000001, 0.28800000000000003, 0.2245, 0.083, 0.149, 0.116, 0.1405, 0.1695, 0.14200000000000002, 0.01, 0.0655]
dd: [154.7169, 124.0686, 121.75479999999999, 173.28, 170.68869999999998, 171.3897, 174.7156, 166.8388, 164.3438, 100.0, 155.0179]
det: [65.4897, 43.75, 41.502, 99.115, 98.8327, 97.2845, 95.2477, 94.5087, 100.0, 0.0, 69.8201]
dis: [89.2272, 80.3186, 80.2528, 74.165, 71.856, 74.1052, 79.4679, 72.3301, 64.3438, 100.0, 85.1978]
Init val of coneAngle: 0.15707963267

./samples/aton_campus/,['P', 'coneAngle'],['0.3', '0.0005']
Processing...
opt: [0.0225, 0.1105, 0.1125, 0.10350000000000001, 0.0945, 0.078, 0.07, 0.058, 0.07100000000000001, 0.0545, 0.106, 0.0275, 0, 0, 0, 0, 0, 0, 0, 0, 0, 0, 0, 0.019, 0.0305, 0.0165, 0.022, 0.0305, 0.0275, 0.0315, 0.03, 0.0275, 0.0375, 0.0385, 0.0565, 0.049, 0.0555, 0.0565, 0.043000000000000003, 0, 0, 0, 0, 0.0225, 0.037, 0.0395, 0.0125, 0.0155, 0.031, 0.0315, 0.021500000000000002, 0.023, 0.0225]
dd: [121.0448, 115.1777, 138.4346, 137.94650000000001, 141.1909, 158.0532, 162.252, 170.2069, 156.88119999999998, 167.5796, 145.6922, 158.9004, 0, 0, 0, 0, 0, 0, 0, 0, 0, 0, 0, 185.0688, 176.0743, 182.7656, 182.209, 174.7082, 173.5913, 170.4459, 166.3306, 170.1823, 167.65370000000001, 160.28089999999997, 161.26389999999998, 160.5618, 151.4342, 156.4577, 166.031, 0, 0, 0, 0, 165.66649999999998, 159.8641, 158.9331, 163.114, 163.7848, 167.1212, 152.4784, 158.9188, 161.89960000000002, 151.6456]
det: [30.4922, 97.565, 98.2448, 90.7452, 87.9038, 93.7793, 89.4265, 84.1621, 86.3394, 87.3103, 89.6641, 72.8814, 0, 0, 0, 0, 0, 0, 0, 0, 0, 0, 0, 99.5098, 98.8604, 95.9016, 98.9418, 100.0, 94.8424, 99.1379, 95.5947, 90.5459, 95.935, 87.8423, 98.1638, 89.0218, 91.8402, 87.7624, 89.7828, 0, 0, 0, 0, 98.4615, 92.6282, 98.6486, 73.6842, 90.6475, 93.6709, 95.625, 91.6667, 89.6774, 94.4591]
dis: [90.5526, 17.6127, 40.1898, 47.2013, 53.2871, 64.2739, 72.8255, 86.0448, 70.5418, 80.2693, 56.0281, 86.019, 0, 0, 0, 0, 0, 0, 0, 0, 0, 0, 0, 85.559, 77.2139, 86.864, 83.2672, 74.7082, 78.7489, 71.308, 70.7359, 79.6364, 71.7187, 72.4386, 63.1001, 71.54, 59.594, 68.6953, 76.2482, 0, 0, 0, 0, 67.205, 67.2359, 60.2845, 89.4298, 73.1373, 73.4503, 56.8534, 67.2521, 72.2222, 57.1865]
Init val of coneAngle: 0.15707963267

./samples/aton_hallway/,['P', 'coneAngle'],['0.3', '0.0005']
Processing...
opt: [0, 0.04, 0, 0, 0, 0.0325, 0, 0.03, 0.043500000000000004, 0, 0.023, 0.0425, 0.076]
dd: [0, 190.6855, 0, 0, 0, 174.0171, 0, 185.0061, 193.14, 0, 178.60770000000002, 195.09300000000002, 190.43650000000002]
det: [0, 97.466, 0, 0, 0, 77.1859, 0, 92.8302, 97.7717, 0, 91.5707, 97.9333, 97.6654]
dis: [0, 93.2195, 0, 0, 0, 96.8312, 0, 92.1759, 95.3683, 0, 87.037, 97.1597, 92.7711]
Init val of coneAngle: 0.15707963267

./samples/aton_highway1/,['P', 'coneAngle'],['0.3', '0.0005']
Processing...
opt: [0.093, 0.0425, 0.054, 0.0415, 0.046, 0.3, 0.0535, 0.056]
dd: [145.7372, 146.0085, 144.0494, 160.5292, 137.5045, 137.185, 141.1971, 138.2775]
det: [75.0355, 64.7167, 66.4818, 81.2088, 65.321, 72.2989, 63.3936, 62.6827]
dis: [70.7017, 81.2918, 77.5676, 79.3204, 72.1835, 64.8861, 77.8035, 75.5948]
Init val of coneAngle: 0.15707963267

./samples/aton_highway3/,['P', 'coneAngle'],['0.3', '0.0005']
Processing...
opt: [0, 0, 0, 0, 0, 0, 0]
dd: [0, 0, 0, 0, 0, 0, 0]
det: [0, 0, 0, 0, 0, 0, 0]
dis: [0, 0, 0, 0, 0, 0, 0]
Init val of coneAngle: 0.15707963267

./samples/aton_lab/,['P', 'coneAngle'],['0.3', '0.0005']
Processing...
opt: [0.0165, 0.014, 0.037, 0.032, 0.0205, 0.0205, 0.0265, 0.025500000000000002, 0.025, 0.047, 0.034, 0.021500000000000002, 0.0305, 0.0225]
dd: [182.17180000000002, 190.0433, 181.86970000000002, 181.1543, 184.8569, 186.5768, 182.752, 187.3041, 182.1302, 166.1042, 188.7274, 183.95839999999998, 179.8713, 167.7467]
det: [94.1319, 94.7047, 94.8041, 92.7047, 87.7506, 93.3258, 93.3903, 96.9097, 87.9109, 75.4982, 95.7688, 91.3163, 93.5547, 78.882]
dis: [88.0399, 95.3386, 87.0656, 88.4496, 97.1063, 93.251, 89.3617, 90.3944, 94.2193, 90.606, 92.9586, 92.6421, 86.3166, 88.8647]
Init val of coneAngle: 0.15707963267

./samples/aton_room/,['P', 'coneAngle'],['0.3', '0.0005']
Processing...
opt: [0, 0, 0, 0, 0, 0, 0, 0, 0, 0, 0, 0, 0, 0, 0, 0, 0, 0, 0, 0, 0, 0]
dd: [0, 0, 0, 0, 0, 0, 0, 0, 0, 0, 0, 0, 0, 0, 0, 0, 0, 0, 0, 0, 0, 0]
det: [0, 0, 0, 0, 0, 0, 0, 0, 0, 0, 0, 0, 0, 0, 0, 0, 0, 0, 0, 0, 0, 0]
dis: [0, 0, 0, 0, 0, 0, 0, 0, 0, 0, 0, 0, 0, 0, 0, 0, 0, 0, 0, 0, 0, 0]
