./samples/PETs1/,['P', 'postThresh'],['0.3', '0.001']
Processing...
opt: [0.075, 0.074, 0.082, 0.069, 0.22, 0.116, 0.133, 0.081, 0.299, 0.3, 0.10400000000000001, 0.298]
dd: [160.93009999999998, 145.70659999999998, 147.4546, 147.9322, 157.1635, 154.539, 136.5959, 148.763, 146.66, 154.0755, 148.1817, 175.1866]
det: [95.1899, 73.6874, 88.3041, 96.3934, 74.0458, 85.9851, 72.2655, 88.8619, 58.2781, 77.7228, 94.8661, 84.4007]
dis: [65.7402, 72.0192, 59.1505, 51.5388, 83.1177, 68.5539, 64.3304, 59.9011, 88.3819, 76.3527, 53.3156, 90.7859]

./samples/PETs2/,['P', 'postThresh'],['0.3', '0.001']
Processing...
opt: [0.124, 0.101, 0.078, 0.23500000000000001, 0.291, 0.3, 0.297, 0.3, 0.277, 0.299, 0.11800000000000001]
dd: [147.2923, 127.3698, 134.4761, 173.56779999999998, 178.26639999999998, 183.5444, 180.1886, 177.19619999999998, 176.5198, 95.83189999999999, 146.0464]
det: [73.7508, 48.0469, 61.0672, 92.0354, 95.3307, 98.7013, 95.7533, 90.9682, 99.3421, 10.8384, 81.5438]
dis: [73.5415, 79.3229, 73.4089, 81.5324, 82.9357, 84.8431, 84.4353, 86.228, 77.1777, 84.9935, 64.5026]
Init val of postThresh: 0.15

./samples/aton_campus/,['P', 'postThresh'],['0.3', '0.001']
Processing...
opt: [0.3, 0.3, 0.3, 0.299, 0.296, 0.267, 0.278, 0.294, 0.296, 0.214, 0.176, 0.08700000000000001, 0, 0, 0, 0, 0, 0, 0, 0, 0, 0, 0, 0.271, 0.3, 0.3, 0.3, 0.3, 0.297, 0.299, 0.297, 0.3, 0.3, 0.3, 0.299, 0.299, 0.299, 0.291, 0.25, 0, 0, 0, 0, 0.245, 0.3, 0.294, 0.3, 0.3, 0.28500000000000003, 0.291, 0.3, 0.3, 0.299]
dd: [116.5975, 124.4411, 138.335, 136.37709999999998, 130.9934, 139.52339999999998, 149.20940000000002, 159.13139999999999, 140.7395, 130.3447, 143.73360000000002, 119.32039999999999, 0, 0, 0, 0, 0, 0, 0, 0, 0, 0, 0, 162.3097, 164.5771, 165.66590000000002, 166.506, 162.6904, 161.44299999999998, 145.5514, 128.50639999999999, 125.3685, 128.82659999999998, 122.93350000000001, 139.4522, 126.56020000000001, 129.97729999999999, 129.8745, 127.1505, 0, 0, 0, 0, 117.7162, 122.6233, 131.0279, 128.2019, 131.8931, 126.26840000000001, 138.6323, 140.6466, 140.9479, 134.29559999999998]
det: [99.0396, 99.1489, 98.2609, 97.0192, 94.0343, 96.2542, 96.595, 93.5543, 94.1302, 96.0, 88.8889, 88.1356, 0, 0, 0, 0, 0, 0, 0, 0, 0, 0, 0, 94.6078, 100.0, 97.9508, 97.3545, 94.2857, 99.7135, 99.1379, 92.511, 94.4075, 95.393, 91.0186, 96.3277, 83.1105, 86.7755, 86.2885, 85.1167, 0, 0, 0, 0, 98.4615, 98.0769, 94.5946, 96.4912, 96.4029, 88.6076, 87.5, 93.2292, 93.5484, 96.8338]
dis: [17.5579, 25.2922, 40.0741, 39.3579, 36.9591, 43.2692, 52.6144, 65.5771, 46.6093, 34.3447, 54.8447, 31.1848, 0, 0, 0, 0, 0, 0, 0, 0, 0, 0, 0, 67.7019, 64.5771, 67.7151, 69.1515, 68.4047, 61.7295, 46.4135, 35.9954, 30.961, 33.4336, 31.9149, 43.1245, 43.4497, 43.2018, 43.586, 42.0338, 0, 0, 0, 0, 19.2547, 24.5464, 36.4333, 31.7107, 35.4902, 37.6608, 51.1323, 47.4174, 47.3995, 37.4618]

./samples/aton_hallway/,['P', 'postThresh'],['0.3', '0.001']
Processing...
opt: [0, 0.3, 0, 0, 0, 0.3, 0, 0.3, 0.3, 0, 0.299, 0.3, 0.292]
dd: [0, 174.4576, 0, 0, 0, 167.22480000000002, 0, 165.7045, 183.5639, 0, 153.8109, 185.4808, 184.5276]
det: [0, 98.9032, 0, 0, 0, 82.1106, 0, 98.9757, 99.1504, 0, 97.7385, 98.3247, 99.5331]
dis: [0, 75.5544, 0, 0, 0, 85.1142, 0, 66.7288, 84.4135, 0, 56.0724, 87.1561, 84.9945]

./samples/aton_highway1/,['P', 'postThresh'],['0.3', '0.001']
Processing...
opt: [0.14100000000000001, 0.078, 0.294, 0.099, 0.243, 0.296, 0.095, 0.12]
dd: [144.9635, 140.9706, 132.9564, 153.8027, 133.3905, 138.9149, 133.5331, 133.28629999999998]
det: [76.5436, 85.2142, 56.9823, 88.6813, 59.9103, 59.3337, 75.1651, 69.4545]
dis: [68.4199, 55.7564, 75.9741, 65.1214, 73.4802, 79.5812, 58.368, 63.8318]

./samples/aton_highway3/,['P', 'postThresh'],['0.3', '0.001']
Processing...
opt: [0, 0, 0, 0, 0, 0, 0]
dd: [0, 0, 0, 0, 0, 0, 0]
det: [0, 0, 0, 0, 0, 0, 0]
dis: [0, 0, 0, 0, 0, 0, 0]

./samples/aton_lab/,['P', 'postThresh'],['0.3', '0.001']
Processing...
opt: [0.3, 0.3, 0.245, 0.246, 0.275, 0.298, 0.269, 0.28200000000000003, 0.227, 0.163, 0.3, 0.299, 0.28400000000000003, 0.232]
dd: [160.346, 150.4234, 182.4762, 175.0988, 161.5461, 165.949, 178.60950000000003, 179.6379, 176.07600000000002, 162.2503, 178.1721, 167.7881, 161.9578, 167.3591]
det: [94.9806, 94.2974, 92.5094, 89.7626, 84.8552, 92.0263, 90.5939, 92.7104, 86.0879, 78.3118, 94.5668, 94.0128, 91.7802, 77.4623]
dis: [65.3654, 56.126, 89.9668, 85.3362, 76.6909, 73.9227, 88.0156, 86.9275, 89.9881, 83.9385, 83.6053, 73.7753, 70.1776, 89.8968]

./samples/aton_room/,['P', 'postThresh'],['0.3', '0.001']
Processing...
opt: [0, 0, 0, 0, 0, 0, 0, 0, 0, 0, 0, 0, 0, 0, 0, 0, 0, 0, 0, 0, 0, 0]
dd: [0, 0, 0, 0, 0, 0, 0, 0, 0, 0, 0, 0, 0, 0, 0, 0, 0, 0, 0, 0, 0, 0]
det: [0, 0, 0, 0, 0, 0, 0, 0, 0, 0, 0, 0, 0, 0, 0, 0, 0, 0, 0, 0, 0, 0]
dis: [0, 0, 0, 0, 0, 0, 0, 0, 0, 0, 0, 0, 0, 0, 0, 0, 0, 0, 0, 0, 0, 0]
